4920
87541
95607
62096
54396
81339
34039
68062
13918
46862
37735
36373
16067
75167
30249
42510
74550
65406
23203
76081
60992
13074
72464
283
49881
91406
88405
48826
63220
3960
43944
48207
73237
64901
71531
21068
3958
62749
43127
85102
40193
6985
39705
98357
40111
53419
1190
19515
55101
83623
43172
25551
1613
32510
36427
65869
54976
18381
77864
12007
7402
9801
92739
84033
47109
53798
87389
2083
49968
321
33853
71842
40762
23362
75469
96847
2554
31579
46478
86698
18337
21957
45990
26635
94328
27384
8246
7711
97356
75444
61657
63859
11131
4090
54761
28935
102
39917
15423
3975
15419
47469
92334
44113
87222
46606
35396
8317
97875
77476
12913
40100
88213
19848
35655
78255
13916
23647
89818
48562
2433
28036
82880
71370
3357
30695
55529
70835
9761
90655
39928
16641
40073
84492
30564
39949
19373
1028
25343
69860
31439
44297
43134
55964
23580
65753
56205
79236
1317
19128
5197
91056
10113
29922
54477
12922
48317
42748
42955
4684
90133
37237
31547
70188
2134
95995
33222
55996
3008
58554
39496
45458
3712
79609
54286
99231
92400
70621
84030
44190
36528
93676
22844
52010
91944
9838
59744
7276
30625
48526
61511
35803
42987
52903
85216
49205
3179
22844
9501
89472
10659
69074
86538
81959
27555
5705
88642
70636
19874
62230
65203
9346
45298
24755
88088
43502
31927
71951
67589
17115
98668
79414
54719
78749
66435
42188
57471
49113
4873
23713
33398
60378
73663
87271
32099
291
26720
72615
72808
83035
64860
96552
68175
67571
9850
55301
45680
27720
16249
14284
93288
33140
68094
51925
64927
12043
98333
91147
43513
23476
69955
80701
27016
2898
96396
99082
27940
36723
38829
4731
17785
20037
28290
17862
99423
34017
9322
78436
90586
22776
21157
68611
47036
59433
41443
78537
57176
45791
63076
25842
29696
48331
48450
48016
33762
87540
99315
55466
82950
46632
19968
96255
46630
22448
70287
33603
15308
51941
32496
12690
46632
99073
51615
93753
724
82161
31424
26669
26842
48520
1771
9955
87920
55118
72630
53986
55394
3191
70524
98147
15607
45876
88982
58394
71636
87549
85228
98963
23720
801
34184
52835
73450
86099
84127
81621
42184
7194
73414
42517
52778
54585
98178
96778
1730
70734
39478
9248
87267
71857
20810
84553
57620
74408
59223
83559
44528
72098
78832
30572
75373
17520
63514
31368
70057
11874
54206
15399
77730
20010
56162
31725
98167
27012
1455
27396
11006
25237
69601
49481
20496
95642
41525
4982
55302
85013
9125
97813
26634
76495
14114
28567
85863
10548
4945
11118
10442
67906
1206
47566
28750
62913
74360
85173
22949
82639
63052
77743
43533
95467
47281
36156
8759
61995
91901
33155
92350
25201
60201
23256
73612
10239
929
52091
52415
79589
89262
39308
16107
92735
25194
39928
6630
20646
43546
51063
88633
85259
70926
90799
24990
48867
86049
7124
19243
39162
42908
84965
46250
95003
34703
51445
98056
74268
22871
70733
80913
89944
78227
87960
2353
22554
26665
26025
43251
84438
93284
61004
9455
11747
33186
58272
23577
1333
98826
66796
99904
27536
60152
19730
72381
78392
96194
12198
8033
81285
31376
65069
3598
92695
32154
63663
64879
3654
19617
15393
21911
73107
67958
44766
40981
68588
94238
71546
34330
76371
24617
8911
41481
19563
90720
29661
22613
7271
90945
12557
60405
49933
1874
6551
5389
19388
11863
15682
42614
33520
61964
8233
52948
69409
31574
80601
80965
47434
68394
59093
34917
95854
22834
76430
52127
44102
6884
51103
43786
20387
92758
56345
94605
34648
19789
8109
9049
25457
26197
32629
40111
19890
67241
45847
17645
49187
3625
17481
87685
55836
71549
56589
7570
33292
96015
65958
50823
19035
89116
29557
49784
61824
48978
4872
40310
59873
43882
28939
82480
16190
8018
36489
62316
4028
46735
4220
75005
66400
37506
287
66936
92654
67030
53560
22430
51371
44097
77254
60053
51845
35653
61464
12611
81034
98487
96341
17488
6582
45507
77738
46964
25680
82341
93876
80371
44332
43724
74386
25883
72818
56520
49411
21305
19884
49971
81403
6371
1781
82852
4336
80277
98164
17646
42471
9779
44782
76973
6183
73819
73067
99392
88088
28642
58437
78481
50059
20579
99846
149
90845
24168
56944
24161
55301
77695
86885
54452
60934
24325
873
23742
34503
19896
75983
83291
57327
74678
89547
90855
89916
5515
61569
38220
79776
40757
30695
65226
90261
41713
75842
29773
78961
17472
39881
4827
24117
88655
17109
23579
73698
87732
5966
68270
55531
29606
75670
30657
40758
16321
63503
97517
64429
68743
29450
51316
27680
48468
50730
24116
35064
50937
82615
15651
61784
16524
52036
41111
57291
27395
90440
25093
63483
31638
43227
50969
59336
31903
14637
70664
44307
19193
38896
1969
20079
70321
97697
77001
53879
14199
45069
11441
70184
81498
69787
98954
19420
51189
18062
50132
80775
99790
99891
63303
25991
90607
78285
60577
234
65341
96226
23340
42567
17447
40400
88400
55614
29202
59156
63111
17561
97096
21205
16387
85556
72388
14145
83617
93147
61486
85012
83673
13272
62284
93767
79932
37984
46633
83043
247
83865
633
23420
88000
56178
72132
90181
23896
84069
52840
58356
6089
17769
32809
62878
64237
13051
38013
62739
6770
91286
47465
90574
6684
671
57317
79533
95626
53115
44313
4622
20412
64115
23577
27523
17032
58024
83653
25214
76524
9557
30464
15145
37916
31538
66473
41309
9013
42988
69352
23674
79412
97418
80776
68932
34924
16191
67683
11960
23643
91346
14860
29964
93402
23934
1675
1901
26928
731
38134
21781
44911
38102
28228
17426
87768
2411
19241
11038
15111
96434
71358
31144
65815
57577
25114
95765
98926
19327
19041
35742
60998
23294
79275
60413
73256
23051
15722
89078
58616
82663
79163
63976
60114
29730
25029
8520
50631
98737
88405
74452
98232
3084
5629
26400
43968
30067
22209
87849
61649
32919
36863
33705
61956
98584
62424
97189
88614
36558
11480
87041
68465
60472
15365
66282
80389
92841
55631
62819
60368
40487
4335
22232
58598
89893
77702
5531
11688
68826
16891
16898
35452
46558
70064
24210
13540
46866
65876
36937
16088
89981
92475
9345
61489
13199
41780
82578
68358
16315
5928
13433
94308
83205
43727
7734
84309
2083
6775
89955
22408
22075
12202
1249
63565
83124
79571
32745
18888
73460
92545
95002
25807
60949
51861
44055
28351
51901
97069
69842
38352
33834
42554
20007
56625
62094
2185
21522
44444
83131
12125
87487
47733
64815
63605
78420
76253
61565
25344
27938
99352
38635
23348
8827
90066
24398
96563
2193
82603
51776
98481
7871
14355
2647
25502
35056
793
25469
27900
41673
9298
79394
98243
79026
47605
5051
48860
45292
44297
40224
26475
86005
73507
64311
29256
98936
63933
52826
30036
5103
73975
15172
34692
76161
88039
70158
90294
67082
57266
71739
41408
90319
76082
73736
54561
93576
56116
99220
44843
50518
16284
23550
75220
11036
43776
36425
24468
29742
51635
36056
52826
98184
67826
40473
48030
35507
94682
96202
10980
78721
82416
61277
37344
54794
20589
40991
90236
5952
30277
977
50279
95771
82552
48466
32007
18223
97683
19578
98657
34906
31303
26584
31418
52894
40386
98805
45278
680
62855
54665
4133
693
41179
92365
27103
26217
1653
26950
75718
67858
11367
10361
12541
29008
12773
64570
19409
66813
83472
648
70016
60407
42192
72641
68302
57478
91569
46078
59131
80269
88637
10076
10093
25525
51338
59952
1279
74161
2830
82777
39532
33290
32194
78523
22572
96710
26309
16817
46620
13745
57546
2811
31592
38473
28849
74075
47854
46440
99329
48645
13679
54552
33577
37411
79654
66042
70129
48379
83569
85091
98611
9068
63801
33752
23010
54752
43010
90102
10923
77681
72574
58031
15348
69507
6016
9835
98386
65194
14834
5298
18039
61362
18992
92730
5013
18739
890
86569
42372
82798
14114
4002
46929
18841
48530
66116
2831
37984
1737
71996
10905
22933
66707
96775
41866
50134
8986
57891
65298
91232
25695
75262
91870
99901
65473
1369
70178
1820
95060
72303
17771
25224
73714
54510
45951
14627
35936
8552
90474
33093
50176
26913
10944
57201
40609
72777
52446
42454
25849
17271
42748
94864
64615
51336
95042
33722
7746
8782
94710
78810
39522
29208
8769
66951
36796
92264
48188
71940
71364
60161
87921
63832
73093
18041
47057
79146
3611
15547
51801
40160
97446
33423
18204
10555
36762
57207
47362
75956
12062
90606
76414
65961
57065
40160
34899
57931
27829
23572
29198
35213
11439
81768
45629
56338
82128
93803
96673
82817
96808
33884
92654
31102
29400
40961
4913
44712
77907
8486
9131
86355
54525
62404
10465
82870
55632
29028
16592
60117
89116
74190
2976
9371
6893
98835
22347
26842
83158
80492
83552
5405
52747
90670
53740
97099
53133
65133
49218
86401
54275
3710
64200
44273
29080
83699
29627
70509
37574
11959
76263
62826
1052
50573
20545
44418
46667
4238
501
97926
92988
90814
33194
7687
64831
34965
98846
17940
85116
59646
92769
54165
36624
69243
35368
16538
8911
38234
37112
55401
95119
581
21647
40680
55763
19043
26183
36963
11994
20216
37081
10961
80378
32661
31587
13146
63767
33160
37093
29446
29647
41986
52308
55324
25295
8768
30767
30246
27556
10656
30351
96872
7583
73346
59670
7729
50635
63102
28142
87315
24829
32320
9871
85505
14091
99403
6337
64547
38689
13857
3865
87900
56630
25175
64142
43494
20096
63505
28435
47753
82572
71569
57122
29372
24469
9059
11022
92047
74403
81859
37709
53594
84382
11395
96533
48463
37961
61884
92677
64968
57056
68050
21029
5483
32418
64922
22091
81604
54464
77680
69122
65704
90988
64789
34192
6459
71123
79511
75073
58141
83398
21693
29616
66778
90462
8556
74330
33379
7134
86439
96842
11840
4582
61676
54155
24037
29332
24935
63547
13819
8106
32740
46945
36734
17617
60364
28312
4154
28290
44947
12032
99855
98402
39727
22354
73030
57647
29824
92289
18420
52478
67895
85851
86834
58953
73126
49073
16586
1757
8144
36759
85515
34450
87820
91389
84239
92047
63511
7463
67406
56086
2182
64194
14833
11619
55472
26805
66761
82216
17420
44101
28858
99276
92095
83471
99528
80041
94560
5704
65155
33450
85276
87445
27002
77787
83931
82624
81677
70985
64771
70359
62447
38275
96804
86602
8468
3506
56536
8025
88675
50409
13923
98550
4420
43781
57067
71544
82713
44635
52304
97244
52707
7836
14461
76584
10014
64484
81291
65820
99128
84867
14830
16478
90054
71555
37035
98368
15407
97438
98969
54768
7027
58675
7230
40966
23423
91293
41634
88417
42944
63294
10053
78731
45570
93364
636
30941
64138
72326
24668
38117
27600
1971
59508
23145
83829
14344
53025
31492
71383
32879
13577
13781
40702
87618
61075
37516
80382
39724
55665
34652
15434
20423
60224
22983
72513
63079
6087
34214
22325
14408
92277
95906
57696
72686
73043
4469
8549
40098
52103
35671
4438
29856
3425
13678
98145
17980
34927
51370
57543
56853
40262
49193
64409
8907
38766
69992
95783
80121
77128
89437
9402
24899
49555
5168
71309
32213
18146
29280
87606
43145
31464
26255
75485
65130
35847
6061
90401
29423
17791
63102
85435
54770
25116
80024
78532
93638
53664
37356
65971
86874
46106
39879
73568
2283
71757
86517
80580
30568
98227
41882
33159
29325
52644
73720
19683
44886
13452
62045
23377
718
97353
80285
11342
9295
93191
49388
36018
54698
72396
47985
96679
3478
77372
88189
10996
89048
20465
58521
45993
31839
83682
83455
90187
4798
77778
25167
55099
97601
69354
46193
46126
84978
26488
84030
25349
88503
12439
49614
3879
39736
6827
753
10948
59291
67307
38056
20936
62274
8950
15175
91012
10225
43000
62203
92333
22461
2844
12391
35966
26907
54170
97318
64110
59470
47733
66012
50181
58763
16589
32909
94078
28271
18674
34425
11425
22659
63275
97887
82943
52460
10004
50180
31445
91013
41546
36572
32456
76508
42797
39958
77961
87118
75343
87174
74730
43941
14362
7876
84924
49869
30543
1967
61585
69383
85746
38113
14884
8037
27745
28682
47568
10400
33500
63247
16797
56829
8893
74882
18437
59387
34797
76876
54190
61199
18056
12599
90909
73814
3435
87664
53404
91864
68064
12703
51859
33705
9581
7432
80258
14359
61341
71882
19815
70780
52689
86416
15704
48295
27812
16117
19055
73600
89514
62645
21097
89715
33463
78001
27297
77591
10204
40820
90491
58931
99434
52273
87220
16360
70199
71838
31286
35033
7044
75223
30587
6608
57511
30393
43452
9343
45453
86597
38775
30939
97797
87144
91311
80536
96430
42745
29549
80491
19050
394
10
19141
91433
34434
57804
50645
33953
1487
5278
79649
41377
98869
44755
46603
95216
68956
73273
32256
33699
54204
51784
86299
66473
15180
71671
80353
32556
7207
53781
82942
25027
55280
85055
47292
82616
82517
48704
73694
11401
59612
70704
38126
72631
71776
26508
84710
78049
37538
54184
37797
34741
87070
99486
26874
74163
69307
69771
74364
70467
94240
95758
28844
62069
39362
57959
43478
23760
76813
96421
3247
20812
9592
22250
32623
93534
1436
91436
11024
58309
97227
61685
93402
83625
95204
15343
69234
68360
26923
26305
37673
14884
7111
40203
97363
27444
61165
57876
24358
6628
13213
6718
31560
14584
39555
29243
971
58549
38131
83335
99363
51224
4087
24537
17156
3189
31701
94577
43022
15766
4212
35345
50518
14981
70512
65917
57875
19635
22388
79608
72372
16671
13363
62466
51245
23203
48039
81624
42690
80954
42329
95558
35027
67200
99144
2365
73152
37955
75886
44594
22852
86166
60633
73740
62461
6077
91006
65276
84879
1000
17525
94614
93014
60652
15234
83818
79442
63469
20511
76335
27488
66310
3479
35570
28902
5860
50971
23026
27841
97099
27648
94785
91563
26260
61932
50513
22251
36610
20886
17105
13118
26743
87324
29867
70012
69255
43583
38546
80225
34013
55117
83501
73247
50608
23863
30076
37554
95801
54768
15547
76193
59167
49645
81868
46728
29853
1338
28280
96605
94707
83234
22196
8322
67646
26024
92424
7961
18380
71259
13701
1964
50362
35360
71663
70232
9966
7400
47288
64012
33927
82456
8720
18215
13725
99374
73576
8955
76433
24604
69164
53918
11937
20929
81711
33969
83325
26117
71086
26891
94377
47494
23855
58927
55878
74120
45723
57595
52445
26371
73237
80739
76950
85779
78206
21401
35911
99923
53229
41984
84960
50824
96205
18109
97520
36198
51278
92794
43095
1404
33659
3173
10261
90258
7513
86640
42261
94141
73014
95935
43900
18332
83942
90774
70469
76189
75794
71160
4947
83665
25672
40094
74467
48191
53811
96541
52357
26687
85381
15674
82096
14241
58598
30978
75587
28765
61557
95028
84571
68740
86391
42255
89351
94694
94408
21189
87471
16990
95336
65140
67688
51
99298
60937
37140
7433
96540
57004
31820
86734
31128
93834
25847
21712
53748
38603
60033
82729
19578
35572
7619
12935
83733
23482
8940
32291
27780
68192
49780
72809
26836
37886
90897
67199
46835
13405
77038
30983
18232
20652
80080
62435
85095
37015
88937
71579
67523
10652
23085
78925
8049
77694
41414
77468
68751
87342
46129
53773
77926
38667
86376
50639
89197
7711
87156
23538
12521
42123
26678
59525
75539
47491
54688
81757
81720
81662
65410
26206
30207
20565
81066
80025
4174
52575
51208
58081
85796
53340
66666
77895
96994
73801
92999
40515
43093
61791
10307
8740
33613
4353
31035
231
55664
42158
73114
65557
50452
6295
3839
84323
49698
93707
88784
54912
45202
74037
31124
22187
92042
90915
75213
41996
40519
58954
64887
73228
3991
34444
54153
59458
78178
53126
20355
33
24098
89739
8767
85776
65612
62649
1897
43393
73808
41507
64606
3960
43256
25009
72096
57697
2795
39260
14500
32875
53595
89349
78742
103
69373
58002
86182
73190
57069
17712
73272
99844
13565
29284
80712
72372
91613
80470
99525
92551
41214
3148
84949
90232
96419
12269
76758
37319
23174
44024
57071
32101
17087
11666
95094
4490
85524
12090
66521
69728
4600
18105
22620
202
14107
5662
26326
11131
35479
55235
593
89056
76841
99968
91710
70478
23859
26997
560
22147
32456
7527
99272
33350
70917
12287
66360
46998
84114
65780
43539
68532
94415
41452
14660
9690
11293
99128
33219
98556
73403
80888
36328
39170
18406
60248
65015
32686
84970
28962
60146
27740
74440
7929
11318
35502
51425
1242
16306
2978
80966
41929
52730
74415
33084
25038
6755
36704
8927
76317
88160
40298
92941
41274
733
39805
14417
76825
54975
78079
49774
74962
78631
12310
52255
18810
41048
10141
76767
6386
28735
86219
11862
41595
3080
21580
76777
97056
96827
78711
53860
77981
62251
41486
6820
77156
98708
60138
91280
63916
2935
31046
92708
30976
7518
57535
41037
55699
6218
63476
49788
18620
65978
31436
93574
53643
59238
34227
99736
9629
64614
4096
94830
6387
71516
27581
35228
47600
86598
43258
17201
78829
50255
22609
31275
70267
4274
92729
69203
94272
52754
75162
73959
40074
56078
67193
80200
98057
58877
66041
8707
57892
65482
23503
3771
1240
73655
19502
43218
71826
12875
54460
37687
79348
72565
26345
89919
76498
57125
5321
85898
19065
6326
58529
17768
39175
73736
37577
63771
81167
92644
40649
54846
66329
91946
87968
72490
19141
85265
22444
72634
34217
21105
99570
63703
28247
91134
92701
49355
64627
62323
54556
19306
4300
78178
35987
84992
22337
7371
59973
54711
20974
70651
16512
82617
56118
38023
70181
69694
39010
89825
93342
28139
58166
36279
56421
92712
43167
81053
53839
35422
91513
42103
73218
41424
56293
73832
93593
18943
58302
64619
69505
7234
47482
51279
25282
95564
36135
11012
81962
51703
30141
66575
32530
33596
89658
15694
66258
14749
5589
52393
6512
63706
43006
74125
41049
70210
58797
50240
43377
47227
39781
49957
93405
47464
11753
13698
60544
32548
11740
85367
40753
72606
32828
25438
17912
14535
58653
99586
98544
68993
6858
89623
69600
53001
57445
80525
41609
56901
59114
54369
27527
27647
75969
77909
78860
71209
23665
60766
28912
38566
92154
94259
92400
16584
78874
96018
55652
26427
7813
23226
90022
67233
7549
84091
87442
77884
58323
89515
63694
58470
1108
99916
69447
41705
98359
76035
91017
48203
96960
89609
38799
71060
74328
89859
2275
40463
39737
15900
45077
54458
50424
67038
91531
80968
77588
91079
41961
4278
28618
69163
75547
26872
72651
44683
40084
22881
31131
72163
64241
18170
73145
49788
60849
86102
46886
68849
49398
9508
26779
76644
72648
40479
86166
52874
71631
38844
18603
19396
65705
95614
61446
82552
28314
42367
72422
38980
74906
20626
58836
30247
34840
86386
36810
96585
80839
12377
32163
64270
49870
29374
79932
10868
98674
63042
68391
75418
10022
47503
98714
1785
64270
59378
38121
21746
75490
2241
79571
45283
75047
50101
58122
19849
95725
28893
8322
13674
69876
92371
20856
33401
27633
46933
36166
29728
18858
23254
52024
51694
83501
50398
23057
79909
2832
20440
50251
20080
52638
60404
42446
67958
6848
98016
34688
30160
17850
8580
43222
17043
16159
21753
74746
46544
28510
67131
75901
81870
45967
25588
99793
85395
9529
72920
41450
6627
98032
84683
78419
58860
8885
25745
70531
15403
58546
8413
23237
97684
51528
95742
38809
49594
91871
36167
85829
58350
6849
28684
15353
93838
61321
43095
2124
18951
62439
25563
69160
15947
90249
41759
75323
25023
47412
15273
31481
13629
41196
4021
95981
32297
71439
31928
91284
55853
48969
74167
49349
47424
58456
67837
2650
23540
39691
59610
54254
87027
24830
53238
9550
74265
55002
77511
19271
63460
44029
11092
62680
58691
42065
75775
591
77175
50439
38906
86360
73213
30153
63234
2830
28978
96406
34765
94528
38644
47938
97017
54957
79330
91489
9924
19742
21723
78023
69688
25292
44164
76771
61334
99986
54599
67527
86196
67584
78893
8612
98793
30794
32212
79745
42339
12766
54223
80784
95424
75628
45799
41324
66665
26168
69925
59647
72620
80351
26538
32282
65327
3670
14884
27137
78348
53625
46159
88487
52369
81036
22829
15500
29345
84164
25837
79423
51314
3494
86353
11564
17367
68152
97472
46763
7378
1884
91711
97734
36610
5323
37539
92043
91588
40749
22262
59958
8354
36571
320
53873
46075
139
32655
5376
54837
18275
99762
68855
93334
34901
79396
76842
73340
12262
34196
29913
6585
9613
35957
79724
63746
93435
63767
75167
60863
86593
86469
13443
1426
37432
84717
43645
22331
50100
60014
66575
16336
84515
8776
3381
85226
69336
75518
83181
39196
98867
80969
28555
20168
32147
94108
27185
69816
75064
12200
65010
72184
52600
71962
33693
77550
15121
90584
25398
44358
93566
97563
83314
11408
5911
41272
32707
95231
62800
70485
63051
86672
58528
75644
93969
60655
25489
88975
77856
15734
58456
81131
2472
82667
32970
84655
81975
71542
69085
28485
25095
36867
75765
37984
37266
24070
2609
24897
11954
36353
80381
42650
32067
79283
72238
27689
99809
90197
7011
73447
70937
23184
35073
4680
22065
16040
32644
52902
56038
94453
4820
45146
20479
17359
92526
61136
94607
25318
59235
30584
27028
49625
43134
23810
20173
88478
67393
72314
76252
42036
84375
15708
89588
52125
15937
37338
96178
4925
82042
80083
66955
61981
39467
10991
28131
50248
83392
60278
13102
34619
83221
51046
36404
48374
40668
57556
14766
86438
9439
24263
83336
64002
92056
68619
55909
30226
11742
66328
69939
77390
62827
64960
82231
91411
55251
2725
33488
51015
25773
88479
76642
99169
80814
29576
43417
30333
52305
51964
76617
52348
74664
28724
98538
82341
71515
40921
45449
7747
83816
25428
57608
78960
13881
6471
44016
70887
49721
61751
96207
98146
13522
82471
44182
46072
88763
10450
47081
37259
88103
43124
47395
30105
60375
52975
93497
63554
81030
81795
97478
57189
72072
21099
69699
9934
11211
12070
66326
30575
72736
10651
60504
59802
91846
98534
73495
98370
97396
34321
3476
83983
1645
98604
88974
99227
69288
653
33482
76596
71508
38084
86777
44341
12606
65640
66615
55412
31691
2447
52224
38044
23162
73382
67607
96637
33835
75712
99138
67260
93795
73580
36622
15041
87524
49824
50602
41441
56954
93525
66945
12190
56488
16867
99760
50706
74829
20461
53923
44298
39810
32108
62545
8743
63372
50142
83159
42540
50194
33477
57569
18686
91768
72691
42305
45395
36071
63079
95296
20494
21135
67093
1064
22301
85977
90305
32097
77791
81102
83758
88657
75228
62807
48157
33740
23023
3740
24532
51079
38540
67154
99238
41851
13303
49966
3456
87102
80454
34616
93669
26786
53551
87562
40122
40636
62079
82348
31156
57791
87841
8078
3366
69950
42843
23123
67102
53375
39439
88272
6434
47206
27215
49618
58197
43253
14228
94844
3208
19049
22359
27797
37006
1098
79197
61924
96932
45317
84835
44022
30694
92536
449
22288
95971
70948
89825
10354
66656
80844
70411
20131
69989
80644
74032
55519
85280
95947
60697
12803
59151
30771
55341
75706
6387
54410
32037
13184
38231
66110
14335
43095
58200
41426
33141
15982
82005
1703
53550
15622
72640
23085
76861
74923
93885
71177
70331
70936
66570
42362
97818
76103
65736
8012
9288
82296
23086
8321
68459
94795
3320
15544
60225
92532
94299
50560
35853
55556
53813
87403
41190
37774
29131
20643
79902
39707
91555
70082
72099
43241
53715
19523
71224
27203
38709
56260
21029
97503
2398
47688
43350
9746
36974
31175
61797
35445
96857
61604
41310
53821
70583
91247
34315
63622
93307
51844
31920
65919
99484
51611
34309
42264
68415
25667
62953
61098
50808
72540
72974
9397
43230
80074
15068
52003
98087
49990
41853
49222
12915
19444
80542
6130
704
44845
82818
82012
56700
98102
13691
26270
34132
64723
30749
22668
17091
20648
97335
53746
63978
82493
94321
71530
4773
65754
38891
47241
56185
45342
28287
73557
2657
25780
83671
66629
76962
53432
99471
52566
746
53680
58969
36528
504
59453
18797
78608
53947
10058
61456
36242
31090
36861
43311
19587
44690
44797
67640
39328
42199
48834
56286
30319
97896
23628
16796
89291
78188
40496
53609
45343
40378
95088
90487
26991
48312
71641
90863
74108
43165
2093
60266
42567
93353
79564
31193
7177
70915
67682
58716
48633
67722
21113
41301
20448
92558
36706
25835
15924
92625
105
13538
53975
8650
45674
78613
8161
52783
69985
21697
71526
25661
45978
41152
47673
8777
15174
16003
24777
5571
63620
4314
98232
34673
3799
51976
94973
92918
44370
14974
93708
3486
82971
58623
14109
72161
34666
40249
36268
78299
93027
48743
13905
72315
61161
9866
93254
10543
3398
31067
64298
58769
83550
78953
68781
31073
92814
46483
58049
14318
49549
9724
32537
63394
10109
96425
83775
44633
26425
40457
86936
21297
69283
31667
95545
98950
9521
63332
26799
22002
67613
77492
48489
46368
46159
32564
469
70366
47431
34199
99161
32313
44984
66896
98941
35828
35309
6826
10571
15823
13233
67905
64110
36797
53335
39975
34966
65857
20401
32342
2602
31842
41193
7846
148
24718
60140
12738
81851
97211
52416
50716
84712
87806
12839
80077
67655
99032
24520
44448
19179
32243
18328
4392
13090
16194
38367
99449
96415
9607
30669
75523
6065
80307
44810
97590
73203
28413
25295
65084
34640
10470
32798
86321
71768
91557
93194
32453
60434
72449
19328
51903
87395
81805
75255
30666
94888
48484
93970
53080
59112
98371
86010
36865
87511
40841
66801
85292
26087
35194
12434
40800
5283
42183
11584
80554
37340
15451
29942
80888
46248
38659
30297
89768
59355
27224
94190
11953
86406
25796
9394
52793
13345
61859
9524
85945
63353
77071
61409
84352
61000
59339
79916
392
57177
32571
23368
31208
634
87643
28120
29291
80794
62163
55033
21296
79742
18755
8475
83846
97581
90394
53428
68254
30679
78948
42742
49957
23378
67905
1206
12319
57903
21076
53775
46386
82486
21677
529
11121
69792
24325
63584
525
11
23715
97697
22396
66368
71980
90700
30799
57177
18991
11504
90496
66179
19192
55504
74727
8505
75196
96314
35862
82012
55069
35583
80374
64911
50829
82729
30765
54408
72950
54432
93893
52962
70012
17198
66819
64443
7450
72184
67218
1681
97580
29084
19699
80775
80725
48461
45155
75494
95581
23572
84195
95586
81203
5919
12424
84038
43577
81021
87278
12879
84011
38477
14521
13055
75178
25641
4455
74305
57147
37649
88498
78545
66711
55930
15740
19768
22096
949
14959
59850
27347
21186
27598
12514
53902
72663
85033
37807
36522
31806
58959
3567
18350
64699
10163
64377
99463
71384
95319
19455
83482
1975
91923
70978
44874
67163
48415
65947
25495
19809
21296
40346
29811
47305
90577
34379
47588
55281
14212
65113
10856
26360
66262
38034
41454
15804
17806
61777
83829
64903
80059
48587
65034
59959
1559
25913
89397
46937
32314
51499
79306
23238
33723
60438
80710
89248
82913
39243
59271
21790
54416
38553
6569
59091
59491
51032
99565
1944
72515
86261
85144
2501
88234
31412
31252
67187
68441
43947
92550
29572
94950
96425
63652
20368
23008
96649
60954
16195
81302
70433
54654
29112
14737
13172
69198
67125
53627
24065
60991
49811
92007
75138
70895
15138
53423
41201
14894
47507
9790
74752
91872
39250
73761
56838
12309
21368
15252
21699
84475
91888
44780
64524
36567
83498
19214
25444
29501
11264
70889
66327
1538
39854
87830
2144
4740
21003
57198
16572
70886
10967
17195
55769
14024
18071
49260
58138
87969
11804
74226
8322
59126
90794
37355
76749
76092
98663
3931
14258
2584
73861
77497
64859
52272
98660
98841
80876
80060
2453
36990
85533
7569
57339
53263
89772
26968
42904
22781
24353
67985
50509
54263
88935
88462
47145
33910
54949
35075
50103
61887
78463
59110
35592
66981
39317
87207
34445
42696
14747
19418
50271
32594
85087
20612
36359
29128
82597
64706
94078
74481
65678
21644
85715
34692
52490
8627
27691
18717
38955
35583
87637
20146
94408
86329
67522
92935
57061
9488
37673
37018
30245
23516
46665
68078
88671
56791
85372
70247
5099
32910
92786
81306
88660
46524
91630
27126
3086
89766
86491
22398
83643
65734
83670
165
83797
9160
25054
13959
34563
31952
81370
61156
34596
45647
48619
88534
56893
62049
20935
27995
60422
50229
39454
2616
80281
16313
31854
73223
70029
78047
79840
51517
32951
61257
86361
32425
12185
80525
7364
99476
33996
66254
55857
6101
12936
13391
78675
34692
50108
35230
55191
8353
15378
56520
55944
61548
2893
3183
82411
46622
66721
63222
80168
216
23773
51030
47136
81488
55607
5113
53088
47635
40376
11291
47558
22131
73652
72599
15235
20767
96022
43231
79835
11229
385
62324
18996
61717
67951
5118
26684
35727
83628
10340
90852
18028
35544
10346
59754
23238
50436
62153
91941
46859
31839
30877
90704
31617
3798
92339
42086
82527
86036
83313
21932
82722
15146
46710
15856
11392
71538
7060
17981
21421
5519
81084
98263
73876
76335
28126
30840
20959
23451
90540
44265
22067
62022
28049
90836
61812
40283
45855
86111
43112
5624
77454
66676
73624
88024
9999
16835
54097
11813
84288
40123
80097
95523
14504
70557
27724
30927
54401
73951
68586
98850
71902
38199
59530
192
25902
4730
66685
12867
70702
31028
85222
13634
69411
19870
39933
8975
54305
78855
91841
30490
8108
23374
76607
22727
59721
28714
10846
68287
50373
60111
59782
6635
33957
40277
63733
72802
31759
84006
2655
19711
13725
28487
2620
53527
5424
8510
3099
73358
28407
70869
41143
71129
72894
12217
84629
19344
120
53162
38889
77216
84775
43897
59212
69670
9856
86732
13894
72490
63266
94590
97190
99188
12009
14637
68563
63714
12628
85778
52505
19232
24510
69145
99837
33070
70581
2814
87879
99835
33467
34894
11703
7083
91748
38005
20666
99657
57177
5876
39635
45032
54750
93298
66988
18223
38271
22626
39664
91013
97276
58421
6796
4866
81823
53700
83992
86670
31534
40021
719
28522
21528
17608
66817
47026
17104
66184
75977
63130
89962
62661
1758
66719
72255
84942
46726
54923
23915
76228
58541
47057
22536
25373
56124
13372
85419
96917
83575
17113
43607
26283
38908
71435
85686
10200
28963
96826
57817
92537
47294
69097
12787
66136
85564
60376
31515
68232
49633
65877
86606
42677
2046
35797
84777
27841
61782
95437
24936
75340
28593
59585
8254
3847
56698
48648
47849
38672
30416
50551
73818
41019
73689
56718
27198
83198
81339
50513
64170
69109
63724
87681
53934
87387
1905
69726
34579
19531
25645
64704
15225
74485
7913
65801
38579
70207
19754
96857
47642
23200
70296
47709
40506
76526
9486
24972
24906
86995
35770
43264
21422
65233
32177
47442
90805
97172
69837
28869
50632
45895
18821
20081
2755
38446
37342
45594
84736
9083
21408
95950
23029
90898
68961
28836
68052
31623
57384
34938
35615
96848
6756
70115
20056
36723
63768
37339
10918
37679
33358
60270
22304
30228
50650
6966
13307
48809
46124
8773
43924
67181
48237
69980
53554
55763
41541
91761
85706
38993
13906
68826
92143
31532
86624
68506
36679
8180
64340
15420
56286
3592
61410
15905
29809
30831
41379
60737
13356
78198
88415
26972
95257
54378
57262
53284
98050
44773
97604
13469
58024
3421
75910
14943
10551
82441
31024
58514
95852
44121
94151
1735
48884
47214
82334
32957
87268
97763
19232
80532
16404
75610
37263
16289
32233
90750
45545
9684
88743
11142
66091
48692
94040
50426
49748
45032
85934
44285
68550
41171
61386
24252
63075
46537
31481
60480
95735
68738
29529
11145
49325
50013
54916
97234
96868
24117
79262
63230
42663
17183
4982
8739
90588
89765
16587
23796
92907
28798
37197
22010
61508
63313
73544
65802
32884
17500
47119
90088
48826
53770
67313
10578
74395
54904
66439
95911
5914
62504
78316
46372
92870
25577
35907
74873
90993
80690
43334
59127
61451
6140
87241
79058
71764
19345
63957
25596
59524
57080
42644
26095
27584
93871
38793
20913
88654
32947
589
52771
5587
51250
82108
68258
36271
30809
34489
63028
49432
15537
14822
87886
33669
68496
53686
76350
68505
54493
48770
45282
65744
99752
65594
49621
28281
42703
85399
19049
77833
81749
23653
53345
15786
13913
19640
89199
29250
13519
25959
50619
17648
64536
76315
77154
23116
3759
63983
68546
94331
67610
5012
66737
65147
38375
12135
14460
6522
63357
14524
28328
29029
81491
17340
28958
1686
64428
73105
99272
21038
3127
54077
55239
23244
72992
99396
21812
41237
10797
82848
52374
58967
84945
3035
89092
78758
91077
21416
71172
13608
59165
27539
27584
1836
91955
94797
47955
74639
28675
69210
20716
35599
72218
85946
13198
2270
3988
78768
37996
21937
4731
84957
96166
85572
44902
77682
55356
98266
21211
47677
58194
27358
15725
87363
54431
91740
68797
9726
28658
35523
9334
64910
73958
35330
34039
30400
31410
35207
27566
5224
38285
59852
15477
59426
99947
17343
22204
67173
36048
18963
94125
83602
59856
93989
6927
90791
25939
48762
70679
15252
27476
40169
70122
65423
58739
77033
3299
7779
44472
18329
82640
11245
47672
76315
13477
63617
30402
71880
64432
94861
86410
98973
71987
62862
13374
30669
42460
53282
94196
99263
98429
696
55226
59608
81910
41938
60322
2918
42476
36374
52246
32044
90268
67472
10504
59921
55494
34288
12801
89950
66247
27120
55792
6114
48108
1373
89630
10719
29179
55110
11673
76823
46615
59184
4793
89907
87094
93837
37954
31157
35315
55979
48393
61540
90463
63022
18369
22473
95293
22536
25768
56478
97935
27680
31037
69830
89097
15184
13393
86208
84497
41604
75127
43773
98587
68845
58897
82967
49659
28042
68797
83033
87159
21190
71804
99119
2141
52935
95315
61206
73903
73015
51273
15703
48744
91331
92648
68072
21802
16993
73285
94135
24667
75395
50032
75993
99986
35518
29392
77363
71470
36391
91023
94499
81804
13179
89216
24123
20570
8726
87099
45824
65022
30678
65777
27542
84379
5318
3808
78053
84402
29569
54632
92051
60832
55485
1697
54943
99912
65820
30573
41167
63205
55659
1694
50281
51040
14447
26788
63876
83136
26818
27495
1776
95972
58709
88736
14184
62575
58432
85627
41886
54997
15352
68023
86490
36456
95149
22819
41868
23587
91677
6532
81907
71274
79844
38153
37349
46059
28245
39794
7358
45697
91394
28441
9286
5819
66741
1808
81987
82426
82791
72681
32863
81652
17844
63843
27767
81693
37179
83013
79226
93471
77852
94015
32523
40307
36667
28985
43016
41453
71127
95995
91160
74489
57817
77347
42610
78848
40306
9197
12656
85268
34620
42507
37316
72744
46854
80088
43811
31299
65176
15121
82864
69567
43642
15940
57622
26812
59839
75319
85525
77478
89466
2610
11419
24303
44374
11992
71521
66239
61120
45254
3488
51818
80332
67709
54539
50141
78439
97349
6511
2666
89961
7251
37597
16554
6194
67676
80754
16244
29614
62797
39196
71717
10149
26442
42509
38932
80514
68964
16451
32255
37791
6305
28362
22070
16763
1506
47867
14099
24286
63006
78026
15596
79889
91607
74597
94113
83166
7075
6281
43086
31736
98346
94663
40653
48890
45685
50043
11090
56923
28110
38723
52371
16627
62300
75388
64078
44451
88065
35622
18104
26543
94700
62297
80318
69945
91143
3306
90729
56616
97916
13680
46577
66051
29911
29249
33917
58271
88260
74715
64515
73319
26357
39846
63525
27657
42093
38165
2
31392
66506
91087
3176
32466
90259
83093
4126
97534
9700
52973
13984
61156
53463
23621
17225
54355
11594
75711
21986
4539
9783
35239
88504
39792
5169
52534
17163
40117
77859
90899
52701
86948
528
55570
5262
44102
14199
88679
85451
3917
61203
93981
15961
10099
28068
37537
92657
59895
40648
89273
38844
35393
68572
4915
24876
86852
77927
65472
59778
37986
94897
70945
18032
44505
92070
99798
32504
97987
35363
35491
30639
22622
9702
96287
42001
51859
21384
62781
60525
71093
22100
81692
36222
25362
52619
82052
45992
47820
94733
54748
12197
89416
64596
20417
19563
83047
87426
46830
70683
1908
69378
78352
65132
25654
86635
92878
1251
19257
42155
77592
61217
30077
67998
23101
61216
49474
77026
16905
56180
21435
31046
87162
64421
44731
92725
11402
56971
38556
62622
71812
18892
84946
74294
88161
34053
93526
2582
21182
44041
24549
61884
73469
87356
23441
49583
67532
54712
91105
15291
84504
18429
61050
58339
50700
58756
62711
53759
55108
10688
64968
5599
96310
2479
85877
38061
849
91134
21683
11548
72191
74072
2377
6152
73952
348
43552
55094
9484
3020
96329
27192
63553
30035
93802
7515
37210
60401
38713
51876
7545
3273
46441
40196
60701
76151
26344
88789
42941
95252
86979
95742
90019
73764
8556
24190
75827
41954
81607
37729
16761
49339
7573
30444
40887
36636
10803
35018
33546
35254
49454
95252
40381
72702
53801
41813
50654
28865
61918
52878
74483
89093
3567
19240
28076
51311
79665
43382
17542
50355
76167
21193
9504
38871
69720
62075
59747
83774
25550
29174
76535
15254
21762
96168
1109
22845
8099
76274
25715
4925
26676
17596
49576
17935
85029
40814
17644
78713
26171
29264
41674
41318
56996
12918
44623
8916
47629
7509
26282
82202
1027
57011
68536
10340
42584
37108
37984
91462
55976
38534
63359
89447
45061
52180
96432
73473
77452
47061
11172
91853
94494
55843
85344
70909
44805
86938
47668
9508
53530
55922
54040
35306
81381
87981
86876
39193
41891
46193
37493
46444
70450
90361
43775
53903
42983
91011
99127
49991
56245
74440
49655
67066
62288
18865
73575
22418
81297
73577
84512
96936
85131
53967
62241
58599
95354
21141
69503
70044
29255
184
92671
99989
8542
10811
99649
5606
70430
13833
41210
63876
21101
73087
60696
26498
70018
82266
1492
5312
38495
76594
89064
49843
78116
28958
98716
21229
1209
18740
25276
52817
71305
56528
83428
53174
88018
12049
3619
62785
69916
39778
66278
3058
68629
4773
22566
56523
90737
14854
57001
88881
90827
56637
11234
10633
64871
64264
56550
7355
17832
35462
37639
38604
40992
13830
25529
51387
83481
52225
67104
51991
9203
20965
73771
37513
54099
48898
81323
82706
75911
29500
62680
61297
6691
36032
67028
26286
96133
17971
8506
7939
66809
14525
36486
93540
19792
54365
97078
82592
45479
83737
47285
82769
37345
17853
54708
40360
14572
82372
1544
4581
60904
58239
22969
85352
22654
84901
42318
72224
84286
86221
99789
80531
86838
92139
84107
59040
24138
60702
25335
1726
13303
11690
94038
14717
4553
88848
67280
13172
78327
14447
3986
12019
77297
56484
30466
45277
37482
81513
38304
31439
67941
26057
45029
18755
25988
52479
41271
67060
83158
56750
39753
41500
92415
24600
34536
58301
21853
48101
81181
32603
10686
13009
33103
42321
12568
32202
80532
4988
96024
29525
85037
45461
45974
83483
48394
1343
24107
11773
88044
33546
42548
84507
40127
53546
40098
27702
37007
5
96119
48130
815
53887
79189
1952
37466
9686
4890
42287
31407
42891
1861
51281
17703
48391
50653
98692
49609
69386
79075
90954
97950
70858
10207
76974
29147
7429
89652
79812
5640
22964
79140
85114
82397
92181
96155
20235
18513
9686
33443
55671
36024
41809
3900
85794
12542
2375
7744
59345
76240
77832
53744
49549
47166
67978
72045
70774
45671
28897
78638
12264
10859
33068
91949
40651
21322
39592
89794
93997
53945
7991
73874
65593
81153
55062
3285
88973
46257
60366
52429
90934
52778
24471
49353
35870
33277
49884
30096
48942
55352
65105
11223
14813
83082
99473
17868
94162
95557
61503
47116
22225
65276
76433
86810
95179
79812
35341
5135
67107
54427
90404
27619
32490
80716
15647
12564
38126
23348
29536
24236
80144
24926
61736
15727
86572
55669
58863
43310
59236
55670
69990
68444
48487
46111
39098
52713
90404
61747
44251
32396
2632
92196
93206
18062
13830
3319
70704
94375
63093
67049
49935
77112
37052
53564
91288
51858
85811
73175
32086
55276
36271
26835
44246
63714
58623
76901
41792
48971
78084
72627
50386
44136
12117
98287
95297
83400
41335
75222
7279
96003
36183
75248
27969
97644
45806
55401
84475
4320
93015
18898
49219
95655
61081
56566
11064
78620
30455
5161
24449
5839
10395
89748
99530
96907
3187
45120
15175
41654
89044
36570
1870
67358
59785
50246
79770
40904
21212
46794
87427
54024
33769
18788
6456
21471
25983
85560
4896
77631
42715
23860
77750
8238
88062
8228
20747
54658
99232
58448
8132
12244
29868
73205
33882
94526
36659
16407
51088
85673
46266
27115
32556
97558
59459
90174
75608
94786
63966
90432
46012
23679
48944
52840
91203
41746
84461
82777
74616
53429
82001
25998
87238
50418
47936
12410
7933
89246
86780
48758
8817
19596
94722
5396
14790
10572
87611
61245
59010
34107
76818
97704
20546
18720
14172
50133
60247
72242
83478
44650
80854
14246
25173
26665
65157
4340
93758
22191
55441
57503
60436
2316
39133
75285
16250
78321
13013
15060
7530
51920
96247
35653
48580
68839
5507
16082
43837
72241
77381
76305
55114
28460
43281
26068
7037
86619
82903
34218
76020
74318
14994
32931
1290
31340
79332
54029
50636
74930
92823
98871
64610
54875
20774
81224
67212
30021
96623
55913
51418
5899
55665
44052
12881
77655
18053
49699
52914
52970
30378
81922
3101
73080
88305
34085
14827
74574
241
9695
77460
93840
21680
54316
82091
55174
34918
8621
73595
22312
19624
8322
5864
3776
41338
19385
7025
12500
51368
5483
67991
18490
17214
1548
62767
29435
5009
50117
59808
17009
67277
69268
52119
99526
39932
62358
5290
40629
5599
29473
68466
14457
17698
98820
52628
53674
78223
57972
6871
93130
68761
80862
46352
26926
86095
71610
89949
58587
95326
6751
1173
11043
16528
42311
68803
13746
3071
55955
80678
75994
30400
20292
96885
88315
11455
23932
42864
43440
53615
33369
51461
91835
84483
40405
35881
16005
33842
52132
44199
74753
97178
6242
45442
58621
98827
565
14960
98388
88309
98683
24912
28770
17544
62565
88490
94863
64366
54156
70794
39586
63153
92976
96040
33861
52169
86526
95148
11846
1585
97250
99891
50492
60854
32351
85558
65458
198
42231
92987
20540
40482
87741
66682
6493
95780
11055
473
37995
27254
48843
52463
63033
82846
47567
73327
3188
605
71181
53888
97012
62983
17701
77957
5832
7569
77340
10639
78853
31289
117
76799
65924
5579
63615
82811
41316
81029
48393
15385
20996
92223
35540
51505
94064
66665
98286
9587
74606
97109
3420
43344
21449
78948
99902
31847
98072
33014
9233
17315
371
28741
48537
12195
35223
29072
15601
86482
32852
30309
80147
88822
88600
8948
97438
11603
72632
20226
20944
1459
77646
42362
87649
55876
30392
73933
87787
11567
64572
83576
42411
84577
89962
8890
41822
2027
79488
34561
2514
97767
69180
6352
22581
98529
16310
52764
93557
58169
18723
7583
47775
67384
1669
72345
36689
51391
54572
84234
91089
76110
36867
4199
14056
7970
6169
18026
8757
89639
87399
95872
96456
14873
1496
56914
79888
88195
50510
91031
99911
17416
68755
28070
42333
89241
7334
19317
72635
13116
6429
18475
71784
38754
82197
31294
848
13290
26913
55172
17615
12937
20193
2179
2098
21158
57295
33470
85046
697
33350
88656
71875
66528
40648
65665
22239
61810
7795
61726
220
35273
47906
92651
92389
2576
55060
68396
58974
50691
71538
80830
91697
98059
57905
13349
67436
45596
24651
21568
7584
21858
3285
10195
33486
56536
53166
50180
73304
55014
47380
74055
7740
10722
65887
64871
99339
71709
7471
40448
16459
9393
67299
62386
30538
67635
4852
12192
78537
32094
63159
15300
68996
25099
56058
55126
31496
85973
45636
81632
77337
26770
10842
66878
8353
13333
90170
55803
71259
36685
82387
82584
70574
36420
70451
44627
48550
11771
40435
76261
83871
19350
21789
507
80110
93911
36528
68367
65382
29095
93357
32529
1136
46060
50413
12027
2388
7984
14071
3560
90541
71806
73418
50663
90303
45906
13687
50609
47001
5487
76129
34095
15325
14463
88465
51817
88724
52505
55369
60376
91608
72854
12577
17375
84235
10227
93424
8414
8324
57048
13208
65159
76584
60417
79976
51256
43029
3895
40143
27059
31664
4272
50085
37575
71521
32885
91045
14055
22754
25647
3412
2108
91324
84811
60004
73461
89474
58342
49361
56111
88806
88858
64532
96410
51661
56659
7437
25942
67246
49572
87269
16378
88116
81898
53406
45468
35566
25181
69273
5849
52721
63914
37046
76960
3283
66961
19828
20887
83314
72509
49602
2452
40881
68588
64252
68749
93283
93335
10789
96728
8608
13473
74787
2808
46091
70636
30447
96629
57716
84776
66828
76346
84582
71724
64447
45957
33995
55797
56077
58129
3239
26761
50457
17400
17346
54560
25705
88760
46193
42087
67330
16654
50425
98966
37374
82123
77937
3918
10022
21250
63993
85904
15540
74034
42274
88532
27545
5646
43451
29467
26778
60662
49838
30123
64336
85182
93948
3768
23091
56540
93476
72424
86234
66022
1095
87162
77100
14141
27058
88008
30693
18745
74686
43615
55868
23120
65466
62213
65574
11056
97644
55362
57840
73468
92476
44131
64988
36982
72621
32695
60941
81311
61889
41956
27414
18819
83495
50045
88866
70659
68240
38084
170
7879
85075
55633
36749
71205
5117
46484
53919
62101
73944
75691
42338
19243
4818
1390
26414
49081
82687
79226
43744
29549
47421
29443
62634
48625
6448
46176
98938
31231
66424
13410
36053
88868
72551
11898
67096
71010
48553
95915
46698
40877
18261
61506
92457
94340
37923
40189
54030
28509
88956
50105
2469
34975
17871
54497
59223
98613
52609
96511
27683
83123
41549
73164
59632
99176
60175
48818
37170
76812
40680
75347
24791
28458
19310
95078
78059
61463
59131
56523
53401
50028
15542
71381
94536
81974
48540
94194
67469
27040
71242
59175
99438
1399
55401
8281
88987
56800
26481
28315
438
78070
62142
18336
45176
95336
88786
21550
63114
31470
33753
26987
64849
28064
82612
98057
41909
86859
93269
87415
18478
72246
81590
37577
86777
60910
81378
90884
96221
16782
16637
42760
41381
3257
76311
31978
16570
29591
4737
143
48584
87070
51905
14670
19299
29834
47569
36081
72214
84412
50484
17445
62920
10101
26348
60185
55309
41753
28203
74047
39300
68976
51155
52256
36017
16091
75228
1929
65559
94690
98914
73473
77611
74740
91236
54880
36246
61756
79435
7859
55704
68516
43306
39260
68056
80152
71175
87314
93061
31447
40187
45377
56556
5004
82335
36946
89934
91257
341
61469
70515
42060
61059
3354
96274
94236
52061
16276
76002
25617
10049
40489
83347
16291
34608
1639
48422
43803
31694
41008
68532
8352
97461
19600
78978
95756
73883
5413
30455
53403
60345
90474
56080
31100
49250
43066
15334
40724
65173
78649
84212
19785
59315
74643
88002
80346
40803
29812
52326
87502
1216
29478
73675
56715
75372
50910
78291
58509
27611
50936
32295
40300
35547
66895
18906
29381
98291
66216
37602
85581
47156
12545
85341
28836
73915
70919
95182
59097
12612
87603
28184
93255
18774
35492
56737
22207
95685
57844
80920
80891
45662
19120
12120
8057
92511
68760
49465
46851
52121
59370
96721
10505
7772
76227
59444
49685
87903
30068
77963
14034
90525
15143
45718
60493
18441
84048
15981
4880
33514
71663
17550
98609
76925
87601
32732
17908
66992
95597
7859
18072
38605
32436
71858
81262
36872
30250
66419
97330
6363
68850
64678
6201
77686
94926
71740
96098
3079
17179
91024
68742
72025
30878
49170
31492
37257
20472
22627
60713
12901
37641
97757
73547
78638
36127
73632
98340
35893
3642
45339
38939
68914
7501
65296
2500
13768
15349
22862
48637
19405
87847
89602
80587
18133
45045
30559
78792
46756
48672
64844
87580
69485
6704
60819
43996
93407
29080
48642
52571
24671
91009
72836
70240
27963
39935
8374
14628
36619
94621
96859
68450
11146
97948
24154
13971
9258
75253
27368
8758
84038
91446
11701
32731
9266
41091
19340
91146
58321
10490
7434
78014
46447
58962
76043
80355
6276
7162
24017
96491
69019
10662
13780
75167
21731
32317
60442
7687
74402
17177
98671
86491
77848
93957
90785
85409
93254
71970
76327
97874
43643
35017
38625
19672
33572
26785
12041
35845
13108
14588
31413
57024
84720
57203
24634
58899
49370
63972
30789
43296
55416
5682
95658
59045
3520
75291
95595
88921
6343
65922
95063
40731
1239
81618
7501
55077
72061
49587
94665
66141
73212
55699
56930
31580
13084
63387
34926
5391
32835
2008
3979
15545
56814
11926
32980
64773
34947
87348
58515
6479
5320
21726
42869
72073
55340
94084
45546
25107
45902
20176
34393
53050
34735
34178
84694
11796
73915
41596
28479
32822
82746
11056
49496
39570
47717
88752
30747
44774
32441
76895
60793
38719
85176
33043
25120
31029
28378
81221
98365
34181
49775
31787
7802
10179
30890
66512
21695
58308
54103
13762
94992
7249
91557
28056
98665
17540
597
90670
11338
67619
70289
66441
99519
64527
22868
60145
54607
78267
95853
91070
96966
48243
88815
660
92443
247
52205
81233
16064
61834
4405
84765
52478
64502
64549
90994
78679
49146
71942
41968
20490
16980
9299
80125
45083
17676
72996
97805
81322
52554
94281
77246
68609
65471
8417
72362
81556
39451
69670
85295
39124
47527
52759
94972
38090
84455
21204
25660
12223
59360
29781
82825
70959
81554
1846
57969
29005
26335
60845
24223
46182
83482
41403
14112
22768
82626
5733
17754
86937
97268
34818
75755
11358
5294
70179
73926
43771
76835
7373
86786
44973
9150
7
29434
79015
45929
74999
99622
31112
48123
61253
33019
58202
12393
92201
88858
73150
57267
68909
47933
50809
72935
59218
25573
29692
58957
82483
5444
18457
29557
73872
24139
41252
49184
57653
39982
98959
55606
91262
67882
98311
1985
22450
74930
54816
36921
75124
18049
71322
859
98526
41235
86662
86890
75214
28911
79118
76626
78385
55398
68336
21891
81023
2200
12084
86569
70468
24274
11747
27355
57551
79843
12797
92462
96999
16176
58220
46460
50677
21965
86417
8467
57790
14392
23266
34199
80124
13764
19663
54690
4971
4685
22378
24782
50078
45376
57640
48847
47062
56724
94971
45320
83072
93192
37491
43782
90991
69690
34971
98634
77106
94959
20765
40575
23406
38302
31491
66771
58435
48606
66838
74267
41750
4878
51405
71345
44867
66740
34593
89588
42909
35262
70720
79855
31605
79704
88274
90260
39455
17184
15553
17746
52688
28102
93501
32875
41803
30486
63842
29053
95029
59232
68319
90146
69279
27803
97413
96189
69172
21473
96265
32934
39520
88545
48783
81652
61728
9623
24977
60578
72627
56163
52986
33079
9685
5815
60756
46225
46547
44696
47182
74047
64546
52776
6858
93500
42808
49209
32355
44090
31006
41135
49725
88323
76740
22373
96488
71140
57631
5395
86809
74650
99411
49671
16024
12286
66077
70905
12529
85517
63233
13958
16419
22243
22930
78877
14568
50047
58898
23008
33318
99943
26976
5970
43190
8442
99505
14868
7481
25532
28884
60000
76591
68171
19655
770
8730
62914
16442
47326
39336
33380
30467
85366
7184
40206
52868
72959
70999
99896
92288
33493
90070
44727
123
51755
58687
89898
59914
42188
71946
88491
62849
57116
47253
75047
59687
56786
59512
59470
69430
36971
96805
50845
90038
71465
94546
21718
88374
19290
65911
27294
55460
72864
21727
50955
78082
13078
79235
69557
54313
85427
42385
19141
14988
21315
89757
8703
89711
50867
10757
71182
88488
94345
45901
98381
59187
31251
42938
44029
19061
14902
97957
28095
81983
62806
15759
27792
11465
11364
87714
43135
90998
14393
84204
79980
31214
31311
76835
81645
2979
22041
48144
80645
30132
26296
26999
1292
17573
60712
59041
43990
7564
31322
54459
92055
66331
90326
62300
92036
78743
82403
87220
76973
28247
36310
63206
67647
63803
34008
58565
22532
32287
86047
78434
27815
60875
86963
59719
45944
89214
48092
815
51886
26958
99071
5077
21986
9568
36651
59974
26594
89938
9384
41823
4287
62260
57001
8634
2689
98625
47180
35014
49017
42491
53525
1389
34193
27282
44605
93107
56480
73406
97673
54999
6471
9640
19248
46251
48846
94572
14201
1002
22346
35082
46027
98638
38757
85057
63986
91023
75224
57762
17238
57899
73349
38624
32389
2861
3219
20835
45870
2790
3232
38365
7594
21934
85502
15844
781
74825
91933
54697
81585
35840
22162
85460
48979
38352
65937
28524
60690
41304
17062
64717
22329
26242
27486
86393
13640
30565
3997
4825
76658
61946
63143
79865
36686
73317
67909
33220
84988
41171
58801
75089
42333
15826
62265
54655
12714
18365
77431
15821
65836
50893
82773
33326
86849
29617
97139
95580
86307
14710
4622
28171
67729
683
14226
23620
21770
82163
82893
78877
47371
77144
93939
88856
83406
3247
12377
15231
44999
19114
42280
28527
36842
39216
12683
51468
25554
876
173
13508
46473
66122
95602
25736
32711
24957
15301
14704
14025
75419
61963
75050
34899
1552
56960
3113
43615
93770
32282
83642
46239
89232
32967
1321
15960
93869
71598
85596
90786
35993
32689
93470
79554
68260
53268
19228
2126
67349
21671
36598
6819
69012
59604
54893
71035
90905
29895
74721
84376
56261
19925
26700
50291
69914
46254
9236
96554
24535
4886
50762
27723
2492
56087
41205
70167
40124
74393
48616
53835
30665
3555
70508
99826
51950
71010
95174
25356
27479
37676
91342
27515
38434
24074
88402
16870
15210
26495
2541
44005
42165
94744
80661
20464
90009
53279
15742
50077
13025
2503
80471
81162
18088
53667
94080
90400
71183
17790
57092
69630
71290
91651
47980
1995
31687
5024
58821
77192
40143
13695
28104
27787
79195
29765
15240
46329
14930
74626
93604
64820
96347
39349
8327
87069
36622
32835
31185
97996
81465
88300
17522
86185
38888
65544
18585
72710
72622
41436
62514
89701
39088
98480
16974
76552
37935
25069
44845
75833
8377
28168
6522
83588
99963
89400
30764
46560
54127
5495
93825
17720
64099
85986
47464
3124
64373
87217
27076
59263
80272
78311
97730
54378
49346
93420
78422
94707
46255
71176
22648
51791
56089
72496
36073
96782
24817
3353
84815
15301
52922
77524
49178
84584
79884
83646
35998
29438
70124
17905
53267
46234
41322
50263
82532
34613
61505
39602
8089
93517
74057
2788
24336
85535
41633
57824
26141
19612
12336
14275
20904
5178
46726
20007
22939
95553
58700
42185
98613
90688
68967
21796
5194
80845
88711
89353
19699
63553
20930
98151
2538
45239
26390
54500
76478
60720
6191
77904
81494
42148
40131
56545
83171
76809
70889
11526
67628
45987
28556
97746
23932
7691
44564
51926
37833
296
11195
90238
24700
88694
67119
56323
31288
79813
39662
91394
14072
18870
98008
85494
58852
90010
21250
53985
60492
28353
37262
69111
28954
81868
34658
55364
71976
78768
76837
78296
51542
1602
89277
5217
14036
77555
43982
7171
13206
52386
4595
72897
58451
14001
88656
93626
94341
28029
70439
44502
32166
73032
90730
26402
31231
62617
8749
64793
39398
84332
55040
99518
59941
99892
19673
57774
31337
44508
91500
9484
48484
23243
93859
33690
55554
3005
9918
96354
65115
46829
82166
86614
36266
91626
27976
87974
69250
58772
94628
97216
93197
59166
55887
49246
52625
65749
23255
70294
9120
88142
16262
83016
32057
21581
3925
44750
53990
60696
93398
3646
9833
57052
72836
56634
86816
52339
27545
73076
20260
44309
93891
75174
35689
87934
48317
38416
30717
90202
28548
4319
4158
95409
33845
63547
61704
55244
9002
45028
33682
8003
18472
44820
70827
7757
62006
6177
8133
70213
25188
30589
63345
41640
4990
21998
33390
75722
23879
13993
96525
14500
34716
10999
71062
48222
76034
95649
31591
60661
98042
46802
1990
33772
55895
27159
45383
71970
44107
95976
76208
44403
86224
10020
77188
14629
15567
52747
61431
91745
3223
60726
23062
23080
20569
53946
76873
37620
18634
21022
13250
23317
12190
40054
7680
38843
48965
56803
93923
63010
60774
30802
66811
11231
45846
51926
43548
76725
7078
20632
74154
48522
16134
59092
8203
47034
80375
9386
50269
33268
58742
30136
68735
23002
42103
87284
7585
88654
52158
41656
51445
12903
87894
68058
82589
21010
36928
97646
71175
2630
91893
55543
79980
49834
72032
40367
61452
41691
70537
32778
47507
87879
73008
19635
70928
12770
84347
62996
22190
92567
39160
46727
18972
48385
30753
46141
74834
15008
23525
19713
22271
18386
85074
49214
1868
87954
33801
97861
16064
86490
68468
34927
58620
68960
26558
92730
91085
31042
89320
44276
65666
49190
12125
68849
74829
93150
66488
64414
41769
20629
21819
96766
76408
56741
52243
13292
52835
54646
93808
60120
7468
56938
89578
86980
72551
99485
21195
49358
94634
19382
85001
57347
95346
4367
50982
10626
58353
18757
64678
6565
32730
48988
23283
41862
14590
84036
6734
54689
84751
9305
96566
30604
28591
16571
60697
38271
3864
518
79765
69052
37522
18886
73243
25751
68556
52152
39249
55694
52229
62302
66649
30849
92471
14883
26003
64837
3267
4595
26037
48406
99572
61594
54158
75722
11418
32794
36354
49977
79067
60769
33031
3072
98618
40155
35606
70580
56913
68444
76682
85916
24283
37734
80837
81295
67322
31980
79993
64058
72703
17306
2962
82973
41126
9712
84363
59423
35249
88785
58262
33367
60246
333
6455
78506
88550
14106
68520
36238
93389
16614
62327
93531
75059
89620
40649
87334
68157
82809
10276
11708
61732
65587
57374
83851
24382
60517
61335
29304
86990
90199
80460
95462
18218
26078
86437
12493
39593
57306
93539
76934
86016
22341
65165
30587
25557
61119
5619
79512
13834
85724
32995
78111
80996
7301
47270
61125
8183
96782
96512
8045
87941
89015
54273
4422
57906
73653
70201
33760
37371
11992
32157
25889
19441
29092
73523
53628
71684
33171
76661
13339
50039
66647
23317
42491
78918
49363
51336
47817
2125
39138
77743
43112
65786
69470
30098
44980
75668
24387
9638
55332
59809
36768
58673
37109
16943
74435
92763
86767
67419
6965
33626
38247
53221
94045
26974
82337
98003
66576
8530
20301
63870
38369
57028
50580
88811
17114
59075
64502
31338
40720
94575
29671
76422
2140
13739
44848
86012
19171
94406
78887
23971
10163
74954
84681
71647
2836
52405
78845
47661
50708
62789
73334
52394
46466
30942
88165
21880
40871
80971
79328
50300
41397
57556
72294
3407
19865
49729
33042
70709
38865
81415
99170
56197
30261
69133
38230
98180
92712
32934
64595
78240
74091
20002
1266
10792
2373
90834
50998
39956
51666
88971
94861
50109
93433
18208
21421
97808
25924
24231
56209
47625
33407
26261
33942
51036
95937
87532
72861
11341
27564
24317
8201
23106
77724
25083
14531
44404
60561
7946
55423
84200
50682
19880
10425
71929
2112
98655
76878
52876
74077
15378
90093
78872
13109
67517
92313
17311
20524
36982
86056
24614
39905
21241
25290
2904
18667
85044
74141
57003
66786
97932
25813
19204
48414
38832
15757
97581
20022
64730
40862
48968
60923
15449
11301
39895
17482
91863
93702
35493
55235
96433
18850
68252
57724
42920
32171
49750
30561
47421
39928
25873
57890
72621
30804
76268
29217
30788
72239
55115
95010
84868
63382
99868
32221
82305
18429
72083
73283
81634
45031
56446
5832
21740
44321
37600
57011
81554
31824
80531
65449
99876
18438
72673
19266
81919
64266
92916
67392
87863
86203
10451
32583
61201
25369
47440
57898
98386
28612
76085
84013
64246
44924
49405
5298
83151
89677
14257
48567
9159
91610
54462
87687
11639
21043
73467
48869
84162
728
22409
70440
88829
99310
23632
29433
73553
97139
27388
15270
88461
38956
60896
42146
69725
55452
89550
82511
53133
4122
18732
28002
97361
32216
39203
36975
69869
45818
32458
1017
55220
72634
9000
97804
57675
78783
38644
86829
51180
30056
5079
28695
13209
61414
97358
55426
31789
5820
79856
34506
46559
78711
22384
48825
35256
91422
52360
39899
66215
92190
4632
85720
62386
66561
18286
90484
38146
81969
21835
3719
60383
71068
71039
25163
79058
54905
45420
2839
1557
49712
58524
21564
65291
1867
46564
5955
93474
23133
37267
67455
50146
54895
26272
40971
73617
58074
75082
47143
27039
88283
86001
86543
62887
8513
71182
62005
28474
68669
57315
54159
31147
77268
75477
16317
20143
68314
44826
8944
46848
53698
32285
68009
36778
79552
34654
48175
24516
62782
36597
8997
78405
99768
30833
89179
82799
18198
52043
55578
30991
10688
48641
6268
46996
60205
55779
57761
59674
17314
65040
89286
32539
41920
14305
57240
31475
39012
42738
26574
77063
8770
72788
77784
57931
64378
35112
70122
92157
34522
98932
19034
88078
79199
71188
14699
38141
61492
58693
36277
80958
37058
59234
9076
47984
66935
97339
92997
5603
53560
27188
90861
2237
6645
37047
43818
16274
20808
33491
49755
3439
58880
54222
52664
61780
30464
88629
52327
55843
46300
16306
24970
61416
20159
34739
16510
51217
25450
90329
39103
51503
61578
37809
86383
73225
92773
3077
46569
23232
16733
45439
18224
28176
86037
77957
40094
10655
84203
50469
29819
44372
23324
60326
32601
16798
42484
25413
27480
7793
47416
36911
49864
17526
94924
70680
45571
99510
82014
66538
77966
49775
91779
64501
16244
82270
41917
32082
83426
75126
61361
33266
68172
92119
26986
40770
43370
24707
66151
1065
27703
60315
9548
944
38176
26825
15958
80039
33301
99440
28227
2991
59529
60498
4059
10399
38467
74088
98740
69821
80125
68933
56515
66870
53780
24435
54131
23817
64189
91223
27776
27467
84473
43196
92228
66817
22126
66792
48619
32924
94539
19643
27914
75525
327
46632
62007
64929
53418
66374
13365
20755
72205
26644
99771
39160
52651
46066
17138
75949
81502
34749
82657
50696
46840
39466
58668
86967
85790
4948
43546
11847
84498
35603
65420
31153
29258
47093
74071
27096
7382
45383
89315
50075
19908
30010
85014
35834
53493
85021
13773
44255
47679
70925
50323
14309
54284
9750
65324
36807
48422
1764
1568
67883
61388
23887
56213
20958
15795
42154
58532
58537
59002
35399
30990
38477
55476
93262
10280
97343
99083
17514
89981
91970
89219
93156
5545
22924
933
36545
17598
87549
86528
67161
66175
84217
67138
69366
38521
14284
87327
21011
53845
47728
12738
40035
36162
18082
67103
34632
7827
94740
67905
5492
7220
51538
57196
5659
53590
51439
39549
86216
2235
51813
87987
5492
79033
78883
7077
20928
16179
74011
44527
57183
32606
6588
16839
79139
32577
48384
39790
87242
65112
81939
88530
57798
53842
20488
46088
30134
73746
44596
29919
6921
23422
51345
33855
25176
58422
10171
94722
31146
69440
31266
29039
49012
83462
21452
75647
5491
22833
41139
81968
16796
57768
26411
9597
1087
2997
28730
54003
65948
95451
25401
50946
40791
67485
54644
77088
50299
16047
32508
74650
59995
94262
93931
44174
12663
44194
52458
54711
73914
12282
38566
89280
90301
22969
47633
93394
66407
52770
79775
28090
72031
66385
89963
4571
13064
19953
96691
21905
19155
24561
39283
75497
87246
17653
57987
37763
43836
23068
92945
56040
99919
68143
67463
98553
50859
145
1565
19749
50348
73991
2869
23286
69927
53766
24887
28099
74681
46322
16642
70766
33463
28708
25257
60975
35270
23489
29857
81802
25997
9122
57693
40695
71884
55164
95157
64007
12526
99776
59489
11590
32260
83068
31753
96882
89669
17248
78477
27006
31284
97699
208
40480
50718
1007
96489
3015
17980
2523
27099
18821
94908
95751
85225
14137
84081
8432
35346
65554
28098
46505
51313
83730
77342
41949
7953
90314
84887
83972
88947
36923
36034
7110
87301
37945
70173
90239
24098
20778
64975
72120
51594
32609
79603
74937
56135
67499
95108
11181
39245
75540
76778
42033
51839
5553
77472
17737
20477
8097
11846
87320
98502
96122
63853
68674
25735
71233
43384
70299
70645
54161
2434
37932
92105
66011
40521
25582
12083
19837
74141
36366
44241
42174
82806
51028
59644
52870
35799
83440
20535
50019
56356
42639
71187
36845
34565
89311
23943
97560
31722
35894
97529
66526
22862
67967
22321
63818
36252
82351
10861
